1040
5588
5242
4762
7772
2657
3171
6119
7798
2391
4792
8595
7850
4274
3484
6439
1447
2222
2820
968
5918
7412
1995
6845
1406
8843
8483
5944
9644
5647
1684
4312
3463
5041
7038
2750
3081
8817
7085
7116
4906
3900
5782
2611
90
2677
1277
2821
2683
3
4053
9486
8174
9351
5189
2031
8887
4540
199
260
4914
5810
9888
3315
4029
5286
1424
6977
8284
2898
7963
3524
5450
4305
2252
3028
2307
3221
2843
6776
2372
4138
8157
4073
2450
3521
5702
948
3135
1494
2855
7857
4091
3540
475
3515
6817
461
6410
5363
7365
1571
5234
9622
7239
9979
2019
8644
2783
4010
4994
6336
4228
1567
9544
7410
5542
4022
9069
3259
4588
413
6409
511
4812
9235
3165
2362
9537
4707
4110
4925
4335
4320
8731
5081
5768
7209
8913
3665
4376
336
3516
8940
6922
3532
8974
3839
7951
4448
6974
2986
5520
7006
5085
4345
8894
3843
4014
7984
6065
2711
7143
6843
2086
7287
3699
2737
8212
2075
395
9173
9177
4028
4146
4199
1853
4278
2437
6030
9940
6695
9671
8406
7668
3583
8597
4152
7596
9741
1442
1900
5131
3817
4023
2534
544
3278
2250
7544
817
4104
6405
1685
6671
4515
8157
4380
470
4304
9881
416
3898
1904
9949
3384
7584
2271
7147
753
4336
4033
7238
1600
833
3069
3692
2145
5834
9259
7832
7652
8888
7603
2922
8374
5851
3124
5646
9464
9861
6634
7217
2775
102
6398
2917
6008
2308
7363
2573
1031
7691
2333
1316
6249
4865
6692
5791
966
5350
4591
4115
9390
621
8904
9403
7709
8865
4152
5873
2849
9880
4183
6608
5056
3794
2524
7784
8863
6732
8651
730
3846
9856
4381
5079
6580
7379
5886
4862
2189
8701
883
4626
3359
4359
989
9140
5370
3109
8627
7678
1282
5077
5982
2015
236
9794
2076
2317
7023
4515
5735
5012
8329
4343
5906
9803
7968
3790
4201
5735
1653
6910
3808
2435
1520
3542
6561
760
6863
5819
6182
8335
973
2124
5037
3690
3902
6271
6405
3853
2930
4204
4418
1196
2334
3108
5659
5245
5154
9253
7964
423
1154
5232
3405
6071
9404
7970
4416
9732
8983
5601
3254
4609
2143
5161
9899
5933
6661
4235
9253
8149
357
5204
9331
9486
4689
9672
5030
9447
6241
3021
3117
7857
3283
5403
6003
4730
3546
7201
5197
1092
8736
5146
1694
4935
3262
3076
8315
6269
6157
7701
9025
4271
3290
9269
2120
3588
1696
9095
815
566
9020
6351
7916
1258
356
3683
855
5420
3587
7482
4193
9191
1370
4084
36
6381
5764
639
9460
6424
9998
1121
9411
9503
7282
3485
4281
1121
2622
7908
9391
9432
6828
2728
945
9059
9256
8257
1628
1232
7130
7449
4997
1364
4052
9284
6769
5527
5620
1754
1264
3825
6036
5641
4525
8891
8204
4873
1811
4363
1527
2844
806
5972
9505
8107
5624
1139
510
4039
7094
791
6810
3669
2198
8185
7064
3058
1048
5075
3104
4403
6861
9443
4109
1397
8884
2588
1739
2860
8453
899
9223
8857
3448
8052
8877
1221
4474
1045
6438
9422
8563
4774
5397
5320
623
907
7765
9615
8324
8276
5187
8087
1671
8119
4803
4749
9503
319
7785
2143
3814
7064
3653
8165
7869
9713
8521
7040
9264
4609
7350
9296
8203
9945
8113
5577
6661
416
1388
2650
8760
6516
6908
9872
9085
3469
7583
7186
8104
4979
6962
3595
8094
3457
6184
2315
8959
7338
7119
5558
1507
2829
5958
6349
3513
220
7934
4971
5306
7560
8989
9027
9599
5356
1435
2178
7286
8046
8203
7014
270
4650
3002
8794
4094
2727
5197
6265
3190
7227
1442
6566
2510
7626
885
7052
5600
2153
222
7043
2017
3346
885
7944
5861
1905
1599
9489
5418
2773
1403
6011
675
3278
7450
9730
6184
7954
1545
8516
7848
9165
7419
2228
1146
9003
9313
703
5853
8066
6242
5807
9060
5371
7878
2791
5372
8243
2164
9092
8513
5659
1076
1132
4291
4933
264
1697
4419
1422
1997
8755
9277
5719
6053
5804
7107
2558
1249
4515
1884
987
7981
9765
2448
2463
602
2124
461
8019
5059
9516
5084
940
2239
8035
1429
4233
6151
7859
6999
2206
2269
3255
6186
8731
4281
3187
3831
7372
7990
8357
6033
7210
7343
1946
7340
590
2336
5480
535
2770
292
9779
1563
6620
1593
1361
5393
5474
6773
8961
5344
5660
6734
5495
2794
4054
6897
530
603
3295
1967
5579
5735
3320
1816
7687
6903
5055
2627
6603
377
3283
1437
256
2628
8013
4758
5663
830
2931
65
762
3285
6451
8330
7476
922
4508
758
2337
1423
9452
5515
1066
2273
1851
9407
4919
2141
1458
8618
5340
2816
9849
1642
7472
5751
562
3599
7092
1207
1068
3284
2102
3668
5752
3793
4977
1385
6068
9659
1422
2699
8870
8943
9974
6732
5295
6923
4839
6315
7080
6967
4321
5364
2610
8440
8112
1006
4377
7236
2524
9389
3218
5807
8189
4536
5483
9688
6611
4160
6314
5794
5544
504
1280
4785
9168
8698
3347
7187
1348
1925
9261
4344
7790
9500
6334
9028
8901
7917
6710
9339
2220
5657
750
385
8706
7045
2937
5896
3083
3092
1444
7649
5251
9609
7032
673
3097
2095
7469
7777
6573
3049
3509
7599
2584
5183
2721
636
7658
4425
2310
2546
6780
7456
1683
5272
3812
4774
4409
6154
5666
9811
5586
5204
9917
125
3410
8545
2770
6237
5462
8657
966
8058
3370
1413
7787
6622
938
8857
316
5711
5971
4267
6153
3791
3680
5933
7119
9046
6496
6927
6497
7464
3514
4392
9893
2662
6936
4354
8261
673
8784
1972
7694
3264
4575
4496
7972
3493
7249
2621
6862
9931
9032
9824
1425
3544
3643
2297
4454
3093
9003
5388
9871
5467
8387
4740
6221
5354
2855
148
4053
4834
5223
4030
9078
5540
8161
2759
8257
7799
5348
853
4000
7433
3549
1935
5344
6934
5986
2038
6404
6949
2305
9361
9719
5660
9625
6767
9805
5248
3746
763
5193
2719
5945
3964
6007
9871
9278
7219
3855
5300
3671
7108
781
1880
2172
8437
5610
5648
8089
7250
5159
8606
8256
578
4898
3171
6675
211
9921
869
9614
942
3211
6696
6172
6480
8682
1501
4928
7382
9448
3850
8527
2149
4757
3495
7032
7738
7915
6725
1685
9565
1232
3719
8866
7529
450
2141
1314
5975
3360
4033
8595
7035
5369
7516
3262
5787
5478
837
2337
3581
6832
9646
4436
9247
6132
223
7933
9212
1138
1476
3506
6142
4223
3339
3306
526
2143
7141
1163
7864
1532
1616
9112
9029
236
4152
2879
4787
7817
2844
6895
1382
4809
3112
653
1455
6207
1670
1718
3546
8715
4301
2889
7373
3825
4021
9239
2163
15
703
1789
3633
6544
7079
4887
9052
6767
9590
512
4537
7992
3055
2738
2956
3734
1873
4556
5648
7152
2029
3651
2884
8157
1185
7986
8697
7108
5234
5115
7077
4532
1505
5226
1183
3425
4960
6636
3710
7662
7409
9451
6523
2349
2926
5941
140
3584
9968
5722
7822
4205
4904
8670
3073
2571
4282
3169
1446
9877
7838
4457
7832
2891
4882
7195
6368
1006
5221
1437
5649
622
8103
5270
820
714
9644
3172
3027
812
1132
1095
8364
1977
5312
1991
9818
7170
9064
5457
5422
2545
3997
9630
5369
5627
1875
1132
8988
9697
4539
6232
5232
1750
3382
6135
999
1254
6
6312
4009
5333
3060
4487
5275
9551
3804
9908
5820
8588
7961
1541
952
341
371
9001
7007
256
2481
2545
4661
5680
5016
8346
3547
3772
3746
6109
41
2171
9836
941
6373
4260
877
6414
3559
7481
8735
6174
8281
4343
4747
8653
1206
9587
5894
7190
2290
3840
5703
1565
8679
7236
9896
6903
2419
8704
4987
1542
1510
2644
6663
4286
4638
4085
3687
9805
2428
7649
639
2787
8287
8299
3496
1296
4623
3474
7214
7767
243
2862
7265
4960
415
8583
5721
6963
67
8979
1067
9005
744
1893
4656
8183
754
5330
4375
3006
6084
6241
8572
1638
3279
8974
7196
5961
371
6612
7260
233
6614
3249
9203
2125
2251
2585
583
5323
6886
9602
807
2220
237
5375
6017
8313
4134
2685
5446
323
6306
9709
7073
8261
5418
3804
4388
3823
9819
1695
4256
9490
7339
3302
1427
5865
6416
9243
3786
6911
5674
6988
4902
1085
1192
4539
5939
542
7380
3383
9312
9802
9005
5058
359
9034
7307
9982
2497
9185
1009
378
8474
3995
1244
1744
5348
2820
4651
3566
2208
2165
633
7187
9915
6596
8327
8457
1600
3597
7407
5669
503
9744
1602
7059
1865
657
6075
1335
2484
9193
9701
457
6648
9870
5296
5509
288
3834
5871
5591
8485
1067
1784
1553
6907
9763
5042
5585
2451
1316
2572
9852
9297
2439
2174
7602
3050
3770
2414
4897
6240
8529
9074
5302
9224
5145
947
3679
607
3899
9714
6677
4767
7121
8903
6639
4883
7260
6618
1328
4227
1685
6523
4501
5528
7648
691
1563
1581
9937
3702
6186
9316
7818
1718
7624
7686
6116
8326
1549
6065
4978
5811
6507
387
7077
2241
1355
8060
7993
111
6979
3500
8973
6955
1735
6404
6531
8697
8554
7486
8262
4963
9166
1987
9878
3819
6314
6985
645
78
3892
7591
1761
3191
3357
8730
2434
7631
5240
7071
4268
736
6149
2792
7362
1489
1123
2258
5087
75
7204
5715
4141
7155
8380
5979
543
2533
8432
352
5301
9321
6326
7046
1781
7509
4678
1015
8119
6634
9393
5707
7463
1729
1091
8039
6789
7873
4977
8102
2477
865
4711
5570
9454
7340
9405
8150
3490
9331
3289
3944
9330
6420
2220
3224
8717
8474
3992
4147
1046
962
1060
163
703
551
3423
2074
8986
2412
5806
5494
3349
7899
9579
7655
2347
289
2747
3087
356
3825
748
5372
9615
4454
451
1441
1604
7893
2768
6029
4521
5332
5387
2831
3812
3292
2369
4177
4014
5919
1649
8669
2498
9163
6447
1642
1111
7
9073
1891
4278
2259
2211
7840
846
1272
2238
6921
4141
9596
3287
7157
2413
1242
7293
8313
9356
1127
7867
9399
1245
436
7605
3743
1540
7695
145
7813
9483
5660
7698
5629
3119
2750
7744
6306
8527
7418
6856
8938
7880
9268
4796
7469
2713
7866
1543
9174
4649
1909
6049
2870
8384
6415
1239
429
6553
175
3560
6005
9739
5800
880
5213
8328
4796
2473
9255
1266
7695
4786
1190
2934
9043
8452
3813
9835
2298
3780
100
5737
4622
7479
1468
9970
8727
7047
3673
4752
8073
7609
4560
1559
7990
1054
9434
2859
5329
5527
4154
9801
3647
3264
3392
9928
9891
9931
6517
6680
4778
1443
8029
8498
602
8045
59
4571
700
4371
4787
5326
2574
9715
5692
280
99
4244
7404
4520
8538
6892
3911
7728
9511
1591
6437
6903
4613
3503
9788
7937
4725
4592
9226
2768
7258
3339
8135
4029
4293
7560
6079
6716
7720
9754
3430
7889
3109
2473
6239
7591
7809
2290
3878
5482
6621
6295
3797
1175
4833
3669
2608
3922
7785
5990
3622
33
180
6840
5169
1065
1042
7541
1060
1098
9643
9630
4181
5391
8641
4157
9309
7588
272
238
2900
4757
8850
8055
8859
6739
9199
1660
9023
437
9663
8514
2904
6040
7623
1669
4958
679
1817
7980
2788
1808
7583
8160
9367
6342
8997
4384
1650
5913
5072
7344
9798
6425
5344
779
4383
5026
6490
7932
6849
2484
3635
5094
1590
7098
6248
1605
7056
5418
4157
1937
7052
1129
2045
4024
291
3139
8534
8130
6978
1769
50
3898
5443
360
486
7568
7977
9342
39
1310
3414
5015
7197
8241
5530
6412
4830
1305
8528
5787
5719
8670
5744
4151
3745
8369
5881
4829
366
965
5786
4938
233
4618
3698
6695
76
1399
356
9086
7464
6099
3537
8981
4347
8282
6600
4801
2282
7664
9794
5991
6098
2763
5515
4175
889
8192
8571
1587
3258
4754
5733
3512
4123
7535
7003
4520
6619
1130
5252
77
4282
6212
3424
5250
5189
3513
5170
8564
6075
4675
183
3741
942
4645
9175
6591
1077
5296
8640
3766
1864
6097
3769
3971
3428
1687
330
4932
975
2328
3562
683
5544
9002
177
6600
6495
8491
1650
3162
1447
2663
4790
1466
5915
8519
4546
3162
732
6243
3738
8065
3077
8164
2853
7894
7465
7400
7107
2800
64
6366
5754
5375
1815
4758
952
5931
257
6710
6028
8619
6652
6609
6485
9022
1082
8409
3565
3000
2680
1518
5349
5816
5572
6793
382
969
1521
3326
1319
9841
3096
3095
3642
3674
5343
1406
4655
5366
7758
9911
9085
559
6824
6894
7839
6986
6535
8131
6355
6953
3732
586
4011
2601
3809
6122
8897
2734
4889
2595
1424
7765
9874
3656
8562
4642
8
7978
7721
2777
1618
8586
7135
583
8067
7447
5572
5517
932
7947
1401
1881
1338
1969
3316
9012
5875
8682
1951
3870
451
3045
6925
5339
981
3924
7915
9679
4571
5509
7131
1654
8063
9669
3644
5603
1308
5957
3418
5117
3346
4538
6289
7101
8773
6757
2022
4072
8579
6840
2633
6094
7298
1225
2848
2235
9112
5483
8714
1091
9333
6801
5324
152
7593
8392
730
2122
2311
2059
4414
1963
8960
2478
1253
5381
9762
5323
9362
8667
3718
287
5627
4970
57
306
4057
9513
5709
7721
8323
5659
3675
8081
4375
8780
822
7750
5071
1975
508
3753
399
7486
526
759
317
4094
6075
8058
5878
8955
3537
5978
5042
9306
8402
3993
33
6604
1487
8868
7813
285
2501
4618
1307
2711
4948
4210
9095
283
8989
785
4519
5363
5621
7303
2746
3817
3683
874
1771
4759
2063
4611
7172
4840
6699
2887
59
7190
4644
3853
5203
6181
5152
4166
4731
1041
4857
3569
3250
1987
9261
4710
3593
2601
4808
7997
3444
5675
2085
6106
9444
2444
9901
3091
1226
8240
9241
5996
2745
9196
9163
856
8204
3944
1289
7822
1476
3100
9974
7434
8722
564
5655
5884
9807
7074
5554
3610
6179
841
1345
7932
2075
8337
7139
5540
5916
9971
6615
7802
1182
8898
8428
2184
4936
6763
1340
6035
827
4356
6109
6523
763
3860
9424
8241
8313
3663
8707
6851
886
3296
663
8329
4048
3528
6202
1469
1480
6086
1367
5774
2533
5945
5859
7173
5778
9105
5581
4144
179
4474
6088
4260
7713
6652
1807
4947
9468
9662
9553
4072
3298
6535
866
929
8902
3815
5156
4537
6751
8958
1136
2125
8772
1175
5894
2389
354
9960
3526
507
5125
3517
466
9691
6534
6392
1242
5479
2981
3957
3050
7580
4399
6631
8455
1844
8293
9065
8542
5188
172
8788
19
5877
6687
1573
9485
5652
7550
8889
8399
3806
5110
3764
3390
8321
6833
6107
7546
6922
2061
1462
119
6992
1730
8173
7588
805
6344
1325
7697
3749
5869
6634
325
4578
9831
7961
2195
317
7381
8800
7434
5836
139
6953
5386
4826
2235
3374
3053
2204
8480
7654
3597
4118
6390
5189
3579
9926
5158
5542
9188
6994
7961
1958
564
9918
4803
9271
9523
7286
7867
7167
6393
667
6501
8074
4490
3482
1565
5402
2940
8177
7195
3749
7330
2240
7653
4063
8402
1523
1186
6960
9701
5044
9837
8078
9555
3780
1704
8201
9954
6957
2643
4840
6029
5965
7015
7366
1436
6772
8334
438
685
2357
9416
4939
4325
5302
1109
5268
4877
6404
2923
2238
1889
5134
1386
1050
8201
660
5471
49
988
6173
609
1840
8839
5266
7260
8608
7852
1577
9239
519
1573
7074
7691
7316
349
2362
6153
2428
5963
8070
1975
9825
8405
9209
9675
5955
317
4481
6180
6062
6839
7000
959
2808
5786
1851
4040
9185
4442
6502
4877
7050
6269
30
9408
41
1028
5405
297
146
7833
8546
1553
7319
9969
1188
4285
6323
2226
5680
4610
4430
9249
6253
2577
6467
9026
4365
7943
129
4366
6103
5081
6365
2967
9241
9143
1676
8431
2515
9602
2640
4696
3716
3712
1295
6597
80
4837
1594
7977
980
5427
9233
2629
6531
7996
5633
2108
8228
7139
2004
6425
5237
149
9180
8664
7810
8903
8009
1080
9468
2441
7915
9774
2595
3886
6758
1183
2039
2425
1143
8171
1773
4885
4710
7066
2989
9307
9106
1210
8693
3861
3386
6699
6629
7409
1551
6232
5946
4028
9404
4835
3818
2313
4790
2845
4739
1421
8023
9780
9735
9854
4130
2459
692
4292
7502
9473
9171
6209
921
9341
6186
8308
7013
8106
5090
9615
8471
5881
5610
2605
5877
512
1473
7566
4518
2365
5425
8888
7519
4616
9166
4654
3677
1455
5866
5763
9386
2056
6999
904
5154
7247
9593
4936
2500
8138
9565
5636
8780
4737
8560
1473
1177
2873
6012
2228
246
3780
8831
2123
2910
2987
2582
6279
7780
3152
3137
915
5711
8328
3545
5946
5836
3882
1318
2596
8187
1722
1884
4614
7224
394
1893
7335
6838
3532
8184
8568
4495
3787
4207
312
6633
6089
1706
4279
7209
4693
8173
6179
9739
3021
2431
5298
4930
7212
3906
9970
9174
609
4848
248
7927
1962
7987
7151
3162
2785
6586
3932
2521
5801
8385
3148
6841
7915
7
8473
5932
2184
4021
8921
7806
7302
7562
4189
2665
7004
3229
6353
4603
6684
3251
3846
7890
7181
4539
7203
9843
9748
7543
2487
3807
9956
8200
5985
6275
2740
965
7734
7191
8953
3709
9110
5728
6368
111
3088
4049
9355
7703
4368
7548
5861
9207
2016
2399
6402
5799
3838
1718
2802
9456
8969
671
433
9101
6181
2330
9506
7553
1956
9433
558
2075
4781
4356
4147
6742
6136
8807
7463
7058
6031
1298
7730
3236
3841
3750
5356
3803
704
9722
6913
2380
8278
4911
7665
1466
826
8012
932
4722
3078
2700
2927
8157
3885
6207
1656
2228
1113
3664
986
1838
3165
657
6939
615
3424
3543
8106
947
3294
5314
6650
6321
9754
3576
1625
5947
2041
2017
1731
9454
2390
8544
9131
5760
9583
5263
870
7142
4344
3896
6761
7595
1251
4620
6273
9603
1306
6417
8709
635
9076
1966
6134
7475
5855
9911
2794
223
6398
2859
1955
1140
5608
8792
2818
3358
9986
3028
7004
7659
2629
7663
8603
8249
1938
8730
9033
9701
8023
6812
9730
2863
7866
137
6395
3661
8068
9565
1042
5333
6486
9422
9400
2079
6578
7186
3164
715
8809
7407
7066
1424
2835
3725
767
9370
9506
5105
1923
7451
7092
1812
2211
8772
3451
7729
3666
6689
7713
2708
9406
9303
6591
7849
9272
5718
2971
3794
8169
8187
5778
5178
5861
8372
6074
5318
5731
5885
9505
4682
8564
7918
5255
8669
9571
1394
3277
4279
2331
3881
4795
4522
1928
6320
8827
9821
5366
6848
5593
3695
4901
2131
2268
3248
7568
3484
7106
7961
9810
3194
2885
8323
9150
8297
1730
7704
7183
100
6292
1367
1139
3382
2831
7657
1851
9367
7706
8866
4072
7916
3062
2917
3175
6830
6158
4824
2672
7546
5223
1531
1824
6083
1907
7229
8010
2318
8026
4526
2236
6157
4938
8740
2979
6729
3141
4637
5143
4609
6440
801
6140
633
266
6217
1078
4040
2265
9691
5964
4726
7162
3771
8896
8268
7686
2492
3616
8111
9939
3561
740
8750
2161
9753
6825
9590
6875
4669
2018
1727
4790
3327
5005
837
6065
4125
6125
5965
6844
4616
7066
7878
6375
9306
9530
751
1702
4604
853
7414
5512
8576
7014
2264
2836
3445
5434
2948
6404
3378
5072
661
2690
5636
7284
7374
1099
6583
5818
3974
4135
2655
1596
2031
3640
3077
8253
9547
2337
4530
1803
9071
3312
1711
1845
2651
4192
8145
697
9162
4676
6580
3523
1188
4379
1665
7547
4218
650
6416
2096
8721
3432
4088
4803
8857
7373
8825
3800
9295
3282
8851
3945
9052
343
3320
686
1738
4596
6811
9570
6079
9336
3795
3115
2050
7506
7324
7203
5209
6886
138
6738
5559
8441
1017
8918
9446
2856
1806
224
3235
5087
9753
8696
4885
6324
2965
307
8069
102
6879
9371
7373
1594
834
5590
5617
1327
3202
5620
137
852
8938
5142
5
5651
680
4740
1862
8591
9787
3174
4149
9961
3639
2159
3863
4096
5536
5620
2961
2912
8939
1434
4094
8900
9737
4224
5354
5819
2893
4334
6866
6565
1033
270
2985
3097
1893
624
9364
8325
2848
1791
3173
7328
7837
2245
969
1190
9713
5867
8178
568
3868
1519
6204
4557
7661
7127
9362
5961
3874
7160
17
2695
4360
3707
2186
3099
1261
8387
1286
4308
8159
508
7646
4497
4463
6018
5602
2489
7277
6009
509
3968
2768
6240
6557
5815
924
4499
792
1273
2004
6648
4552
4640
5812
2775
8414
1716
832
6163
7156
1207
7058
7119
9009
9298
6942
7004
734
1082
1748
5931
7162
3303
3310
6119
7450
7701
4822
8379
7806
3157
4421
4139
5433
6554
229
906
4368
3859
3635
2355
136
4859
3577
5211
9661
9523
8588
5029
9623
3495
9592
2390
7692
2615
8131
1159
3363
9500
2024
8297
6746
8589
5601
7870
6954
6429
7239
2936
7679
824
9775
5265
2332
2832
1592
2257
9875
4502
8986
7203
2229
1226
3044
7223
4522
735
2790
3063
5355
3108
884
2021
6750
4157
4865
3311
4403
8395
9163
5166
9101
8778
249
9676
7200
8586
1707
2250
5299
4278
8164
3948
6230
7431
1090
8226
7373
2601
8825
2355
9771
5143
331
8601
8751
6572
1090
4974
4242
1684
171
9988
5771
867
486
6620
9106
7194
7601
4133
4746
3977
3277
1192
4509
1377
718
6916
6109
306
8718
2685
5450
6750
5019
937
3105
1267
7467
3421
9007
5881
4188
1913
9838
747
7465
4659
4357
9330
452
3419
881
9662
6916
2123
986
4435
8230
9517
2040
3651
6031
6673
8491
1827
6395
4225
5446
7542
4902
6100
1695
640
3810
4994
8000
2269
1369
2238
5671
5312
7673
759
709
8602
8631
6999
2562
8988
3961
3508
536
2876
3709
1184
2860
2131
381
7526
3641
6508
785
1560
114
9126
2639
1828
1666
989
9219
2434
7432
9869
2975
294
39
7509
8148
7715
7220
5205
2898
2511
5711
4185
7009
7943
8925
2660
3161
3431
5507
275
784
2345
3189
3215
5001
8281
1937
6601
7475
5243
7680
3248
2459
283
5830
3430
2805
1849
1231
4290
3144
3739
8221
5084
4771
3129
585
8269
7289
1894
9259
536
1188
6898
7961
7507
8960
6369
9267
7973
9288
1280
4735
9167
4219
8474
1436
9419
6873
8658
7015
429
9677
1399
7918
2781
5082
3349
8200
7468
6736
5214
3785
5458
1292
3280
4519
6982
4631
3796
6216
9592
2125
6217
8937
9491
9314
1126
5663
96
1920
978
1023
2767
251
6543
451
1156
1101
5734
2110
3458
7109
7537
2640
1885
9240
8411
3678
5840
961
2748
9461
578
2560
5133
8468
8071
117
7340
1612
234
3084
8186
8944
1038
228
5847
3880
2296
6838
2918
7068
5298
227
9220
1762
11
1122
2150
3723
8539
8970
5377
3218
4756
1158
2072
9029
8669
5770
3988
579
9557
2983
9743
3532
6379
8196
5882
1871
8140
2129
990
9522
2902
2227
5235
6771
9087
8234
7259
5110
1413
5408
9265
4372
8463
4817
1459
1500
2257
8558
9830
2235
582
8492
2163
7035
3499
9064
9504
930
159
8642
2662
6769
5346
8953
9003
8881
9831
436
4084
3242
4490
6121
4508
4717
5095
9545
9420
6225
9866
9848
8228
130
358
2663
1474
9892
7942
5044
8848
2005
9586
1987
1915
4093
9686
5821
9039
248
3044
8421
199
5927
8671
3242
7826
7888
2719
6802
5141
4494
9477
1267
3099
8713
8537
6084
3164
2954
209
9665
6201
9385
5704
5541
6073
7486
4271
784
9083
6157
5599
7125
9937
5746
9855
7776
9356
7204
3545
5461
8214
8732
7130
2491
5464
7261
562
6836
4999
1953
4666
1921
8677
1939
1241
2540
3868
9422
8912
9567
9423
8613
2732
4408
2038
762
5147
2591
5913
450
6180
922
5950
9907
2656
8512
4914
2983
8162
2935
7842
6131
5834
1570
2412
9170
6729
907
8166
3985
967
2043
1266
3554
2024
5865
2939
2626
805
509
986
2236
5287
5018
7186
4213
1
7166
583
9850
2197
6474
2093
7514
7018
3042
5822
5028
5628
5479
4215
1907
3524
6471
4785
2472
8325
5614
3269
2904
1235
8738
2994
851
8912
8035
5513
7687
4439
8802
5597
5797
3756
3913
5601
3537
6221
4929
9897
3129
7844
4104
6939
7321
2758
5194
1234
2753
2042
2860
7286
9288
9519
951
1535
4843
1134
6667
3555
9093
7805
5215
6487
5930
7694
5725
838
3359
8164
3991
8362
7480
5605
2149
8595
2147
3860
3255
5084
2719
1156
9168
1205
1854
2388
2203
1544
7023
947
2816
8276
5759
1157
7519
7485
427
3453
5401
1091
1561
7239
7354
6536
5253
198
1919
6312
8127
7802
6231
9505
3220
4154
8627
4991
8908
6779
9697
2882
5900
8602
9226
4075
2327
971
7369
1461
9837
3580
6830
9708
3875
4104
1597
4330
9295
595
990
4596
3693
8531
285
9950
8907
9405
5933
2185
9676
4365
2679
4566
9142
7192
6431
2569
2827
7224
1476
9555
7759
876
2903
7625
9688
4041
9015
53
1261
7863
8472
7741
1002
4137
5231
5456
4965
9319
5096
1272
8704
5868
4334
5434
6895
3763
8932
6242
2321
4549
721
9848
610
3579
6275
4994
7309
5415
9937
3944
8795
4945
3497
666
5686
1602
5168
4518
604
7665
6811
6552
5413
2991
6233
7352
9984
2772
57
5107
8740
2963
2694
7128
292
3607
1681
2992
8283
6407
5247
5027
5664
7970
1982
2424
2968
879
3527
5518
8569
1638
9340
6936
88
9755
1817
4105
4555
2851
4874
8191
1431
3464
938
6911
9882
2965
602
3027
4556
5198
7905
3278
4893
7547
365
3233
6467
7707
2439
4606
9452
5121
2162
4833
9533
4413
9401
925
3202
2005
6925
465
4435
8217
293
2321
9116
3504
8116
4274
2620
9070
7758
5231
4196
8082
7166
5299
3678
9956
2188
7482
7084
406
5536
3030
9829
7518
5024
9140
8548
8176
9837
8629
2148
9184
3728
378
6010
8740
9236
6692
6281
2405
7691
3246
9207
3981
9004
9078
7073
518
3162
7296
2943
2741
1722
5854
5618
3285
6332
9858
7344
2089
7863
8480
136
2669
1558
4484
5195
7437
9946
1611
4416
6221
5677
421
7904
5619
9134
6195
1272
6067
2641
2001
893
6289
8061
2263
9295
2307
4790
8740
6656
7025
5430
502
8957
5158
8886
348
2196
6806
9048
3113
6444
2879
2620
2778
6410
6957
5615
6312
4187
8870
6564
4852
3121
7635
1344
2195
4750
6311
4180
4906
6113
4111
434
1418
6898
6643
2820
8171
5900
5695
2324
2855
7316
5584
9947
8912
31
7535
4935
950
1164
7922
939
9051
3576
7761
2159
8475
2526
3062
7609
7282
2168
2441
1420
9978
555
8076
1898
1596
8917
4221
8286
6082
3404
9063
9423
1094
4325
9108
8748
4299
5782
9923
7862
1307
1535
9639
5571
3188
1812
9237
8259
1114
118
4544
2628
2962
4259
24
342
6644
8906
7000
5615
4247
8742
5960
8910
3733
5709
7540
2765
7445
8943
7546
9030
8611
8833
1536
9369
6963
3481
8392
1416
7369
9292
4780
431
7283
6116
8082
6389
105
2561
3551
4512
4915
9961
9283
7300
7272
3300
7424
471
7468
902
7564
5637
4859
7890
4389
4376
3439
8131
6204
1984
4831
1999
1606
7926
2310
5318
9935
7007
8841
6885
2949
425
9898
697
1100
8829
5399
1775
7088
6495
9561
6214
3108
6302
263
5070
6964
6956
343
3050
9014
93
2163
8260
218
9000
305
4513
7716
2524
601
5667
2634
5963
4145
9217
2410
9691
855
4796
6462
3940
6905
8729
9081
3129
3972
8914
2068
1383
6680
3226
2221
5395
8450
965
6343
6995
8311
2111
394
1066
1468
7193
5877
5803
3016
8519
467
5555
8982
2236
1949
1186
1068
9069
4019
5261
14
5636
2525
3665
1239
6409
402
7569
421
6873
4711
2903
3027
8977
8463
3192
411
9711
6642
8761
2842
9928
9158
6172
9665
3743
5450
317
460
2371
6812
9551
4328
5080
988
9691
5173
2537
6218
1942
7558
6933
7416
8958
3123
1686
2195
5327
4665
3781
3300
9456
6715
1636
2794
9257
4778
8359
7664
1282
464
3774
4800
9543
6609
6233
6373
6070
5064
8530
6411
1228
6226
7014
3048
5440
5239
8472
5759
6200
2973
9997
7296
4576
7228
1692
1516
1225
7581
4130
3873
1708
6265
914
8192
1324
2108
8056
574
5368
9419
4863
5711
4809
6299
7096
4367
7519
6630
5217
966
1272
5574
8749
4627
284
1772
8233
268
7884
9382
4267
6310
2401
9987
537
7538
3767
7504
4504
2466
8554
4408
8008
9135
5917
7352
3809
471
3642
5916
6152
2253
4070
5943
2167
5501
9385
4719
5080
5769
8448
9183
6515
8338
4713
3962
9183
3534
9133
5185
3987
7268
5449
8953
8286
1727
8916
618
7503
3215
9297
2419
8358
7605
9618
1583
1124
5058
7140
1631
4833
2122
1448
9127
5047
8977
3376
5999
6720
308
7779
5908
69
4983
3150
3248
9587
8561
3095
9113
230
8002
9606
6997
5497
3053
4620
1148
172
3343
6675
1245
1683
4429
2750
404
8661
7279
1651
5459
9984
4188
9227
4277
7278
2582
8714
8924
4511
2759
2447
1781
5680
8629
6845
316
8150
8458
8141
3859
9658
1326
1280
2423
5563
4279
6621
8381
216
5314
8311
1376
9094
5534
107
8097
4273
7113
3820
2221
3140
9331
8890
3236
8233
9290
5113
6270
9530
9012
3690
7824
5022
5302
8782
9397
3902
7889
1976
6759
5218
2783
5692
9732
1628
7340
8110
450
3534
9513
915
799
7015
8186
1531
2232
3796
4982
1811
5377
4083
50
3183
3981
1315
3372
9198
9705
9658
3021
5271
8377
8656
1523
9066
8894
8493
1426
3838
5727
828
6189
9882
5387
5892
6866
38
1284
1725
1837
8938
5939
4391
6640
3942
3299
7868
3682
1592
9604
4850
9444
2597
1687
4225
5903
239
2539
9798
3712
414
5818
8587
2122
9994
8571
6612
139
2960
2894
4841
1674
7229
232
1074
5033
2179
7370
1347
266
7140
1062
7177
8089
6662
3421
1242
2260
9776
7267
1336
7337
4433
7549
5489
6578
6944
8833
4107
2324
6799
1541
3017
1692
6837
9570
8670
3219
5377
2363
7828
9633
515
826
7589
7547
1686
2928
8351
990
2154
2607
5679
4341
7586
7890
8410
5739
8633
1996
2992
3917
3698
8788
7849
8746
2883
4172
5018
9899
6076
1212
7294
3177
7286
1942
9064
5829
10000
4133
1625
4916
1510
9461
8498
2848
4995
8047
6764
5853
894
8523
2762
157
2102
9016
2762
2604
5222
2636
946
7423
6464
2158
7770
6867
1998
5939
894
1449
3175
7734
4942
9299
6336
5885
7434
8130
2170
1992
5620
7773
3417
3787
7545
712
1121
2668
4219
5443
9410
6724
4825
3078
1932
3647
707
6799
4522
4432
4381
7306
1047
156
586
9541
8192
5547
7587
2987
5708
5122
3447
4581
5521
7185
4881
6742
4308
189
2250
943
5266
3167
5859
5148
9649
508
2099
9164
3482
893
2392
1048
4133
7172
3943
8256
2726
6367
3379
4845
1940
6275
5044
3270
5600
8810
717
2276
4324
5173
8849
7064
6732
5258
1434
6204
6579
7457
5504
2387
9446
5135
4211
1890
8313
8324
4306
6299
3137
4172
9486
9708
3871
6736
7431
8398
5064
6941
619
2644
5853
3340
5800
4138
3800
7080
6036
9424
3894
3804
4429
6926
5566
206
780
2084
1505
8688
1780
7671
9495
4571
8186
9381
8176
3761
9368
5759
8934
7683
5032
8555
7837
6717
4405
8409
8206
5329
1593
7948
5386
9955
7028
6316
1778
9187
3050
7334
5046
3206
6201
3194
3763
9055
7594
1002
8223
5317
161
9800
1130
7770
69
8620
599
2873
7828
5855
3337
2581
8432
1200
7973
8152
7284
8025
1378
2785
9306
7843
8587
7313
22
3590
2344
3224
5283
4423
7762
3168
476
650
3495
3388
4588
7717
4718
2366
5155
9383
3741
3152
3395
2770
4133
5222
1472
1458
2615
6004
6353
9957
1608
3219
1585
9046
887
5565
4380
747
2587
1057
9270
2949
6698
2811
2614
1780
3137
8266
3944
9436
8764
9745
7986
8874
4588
2065
1659
8583
5415
8111
2153
3254
2396
3210
8247
3326
8609
168
7649
9810
3445
4469
3385
7000
1976
3724
175
2337
5618
2790
1777
9200
899
3033
2051
5587
4640
5878
5557
2358
1220
264
787
754
5871
5029
559
1835
3022
7576
9067
2659
2141
6242
2508
5471
7858
1103
6525
1188
3743
9959
4389
8325
4713
1385
8396
4130
1364
9759
5897
3820
6742
6016
5203
1300
7014
7526
9091
9906
6492
9244
6492
8436
2077
6370
3027
9369
1633
9509
5840
5251
7728
5492
4070
6380
6177
7758
9422
9328
4695
6630
1617
1976
5918
6414
1504
3976
4020
3492
1451
4674
8984
8955
4280
2485
3695
509
3550
1917
334
5411
220
7062
3333
3555
6685
7745
9557
9967
7521
5807
925
2410
8616
3371
3965
4892
6788
1552
9474
4580
5691
8853
45
9927
1256
2455
7103
9852
8906
5115
484
2680
7626
6333
9847
4796
8875
5137
6382
1522
7893
838
3965
481
2936
8983
1301
4119
1656
4630
428
2026
8630
9440
521
2389
934
6864
1676
4423
8949
3803
6234
7510
9178
6107
9399
9424
1723
3895
3521
4849
3908
5819
7749
4165
2564
3816
9289
6069
786
9123
7182
4943
5615
1058
3895
8403
2856
9532
1401
604
9812
1467
2114
4819
1670
1994
4726
7001
9233
5935
235
1609
713
461
728
240
8170
4873
1481
6344
5629
7338
5243
8196
104
5929
8162
212
6139
3156
1220
3483
7442
4815
7305
3791
3011
5724
7787
8350
2708
6574
4741
5038
1422
3591
9072
5541
425
1133
8712
6578
8147
3871
1620
9221
7100
6598
3248
721
5359
855
8555
9736
8040
661
1253
8796
7945
3965
6689
234
5017
3177
264
942
8750
8393
9226
1021
9662
3157
5227
97
350
423
5401
2849
3698
5985
2246
2924
4554
3272
9201
1280
2076
6027
5638
8743
8521
4440
4619
1880
560
895
9386
5569
2895
9372
6818
7540
3444
1233
8555
858
3486
1769
1827
6836
5829
9969
10000
8347
6917
1539
3050
4315
6581
9228
5821
1383
9171
7566
3157
457
8431
5571
8490
2787
2949
8032
7500
6776
5028
5577
9981
9221
9174
8322
8388
2333
5958
4657
4513
1443
8010
8142
2338
5115
7525
4989
5949
5621
897
6135
4457
4387
2497
5489
7990
2383
7318
3502
6163
5726
5958
8844
2786
6888
5036
6390
5344
3960
6638
6987
270
9990
7871
9838
6283
6492
8148
5273
8325
1294
1728
7996
7989
7943
9332
3241
3161
2349
7180
367
6675
4187
9910
2129
958
5933
6614
8286
5519
2644
216
9669
8009
8748
695
56
3535
9683
5427
5223
2678
2965
240
2763
5240
3057
3230
2856
5925
8726
3656
7961
6254
5804
4327
158
3663
1715
6650
7698
1753
9584
5391
8175
79
2933
7636
3578
5328
9930
5139
5896
8570
7275
4165
3509
2225
7136
4227
6281
1944
7985
7018
1195
8108
484
6880
3894
9335
9456
5330
6438
116
8257
2636
2548
9555
4156
670
6989
3227
3587
8655
9861
6635
4489
7847
6711
3361
7948
138
9404
9574
5552
6164
9749
280
5286
9931
8407
4042
5329
8851
3302
5302
9963
5136
1148
9891
7057
8646
1741
9697
9252
8024
3940
3730
301
2601
9353
223
9857
4676
3302
3693
788
2136
7543
8956
4577
7272
4016
5528
7755
1671
7136
423
3923
8345
3972
5950
1125
1951
7032
6359
3736
9377
8164
9236
7067
8945
2717
6879
1853
5266
9122
9786
8301
5860
8104
9066
7839
1901
1538
6792
4843
7171
1816
7838
8527
7080
5847
5685
4569
8103
7429
6489
3616
5629
3809
8799
4923
9769
9348
2684
4962
1243
412
2800
5254
1380
8881
6345
7571
9360
618
9692
2668
9793
9958
7051
1126
7921
7320
7245
6364
2444
804
2944
2566
1600
5817
9956
4014
1127
4431
5669
3253
9176
1067
7583
4426
7469
719
4022
1627
5248
3780
8662
4498
8540
3815
3164
6204
8622
7795
7017
479
8361
1199
3028
6309
3854
4319
8743
5446
937
533
591
4731
7735
3314
6745
9514
4271
580
1277
2445
1400
1252
5031
880
4672
8540
8965
4789
3746
2247
634
2003
5450
691
8678
3378
9488
1552
1216
5044
8418
7520
9506
8720
2458
3516
9164
200
7884
7032
3981
8770
7720
4860
5501
5486
4131
9499
5986
920
6756
1764
1704
6036
1081
4056
3819
2037
1104
6775
2003
7861
390
9491
2031
5294
6116
6992
4737
802
1334
3520
3685
4415
9974
8983
4268
4498
5738
4322
8528
4116
4129
5934
7540
8810
8546
8414
8512
6802
4424
7223
3615
5464
4369
1349
8565
7140
6769
7379
7893
2143
4547
9653
3822
8449
8993
1181
2919
2728
6439
5377
2023
938
4539
7342
4939
4918
812
8640
6079
7002
1195
1730
1056
5077
3671
3779
6111
1056
9462
2570
5650
8219
3362
7813
2394
4132
7886
5163
9226
5525
5443
7094
6171
9397
7882
674
1819
4507
8004
4025
8436
3983
5192
7784
2966
7191
1761
5869
3777
6125
2301
8654
4537
2947
4016
6052
4862
4492
2183
8199
7364
6015
2074
217
5038
5224
2418
7781
8302
5770
7408
3566
3796
718
9564
6978
6188
3375
6458
7247
2723
559
1120
2133
2515
864
6553
8383
6566
6475
5256
8197
1881
6361
7410
8392
465
9029
981
7434
4158
201
2146
5454
1670
1104
2537
2685
4324
1895
7470
7776
6005
3413
4768
7289
78
1501
5629
3522
9380
7429
8879
6682
2375
1403
4744
9191
1497
1808
1052
8035
3163
8028
7724
5124
9191
8416
9353
1603
8493
2007
6541
9244
96
3478
3950
3691
6647
7499
3752
2706
7990
4895
3712
6541
1260
7423
4422
3717
6080
9649
6394
4040
7373
1020
3144
5918
32
3908
1525
2960
2660
6342
3720
983
34
148
6751
9167
1825
664
423
5722
2745
8621
6799
7347
2403
9592
4142
2531
1905
8538
2246
5742
92
7596
9464
3756
9876
1913
9298
4305
3104
9918
9518
6286
5112
8558
4569
5756
271
5538
9109
2723
6603
4462
6915
967
4072
900
9263
6588
7727
1231
1791
8450
4669
7819
3565
6113
9047
6954
1624
3037
2900
3422
6464
5385
1502
6277
5349
3534
6830
7756
1386
5969
9746
9478
69
5398
5196
6107
2452
2454
3471
6142
4160
6155
9421
7570
8784
6104
2253
9180
1878
2236
863
4866
1518
4629
2977
7019
8915
4048
2712
9040
5562
5453
7457
5780
9457
2436
3224
6721
3252
9401
1557
3849
796
6771
3928
1950
8767
6808
2961
2961
4191
3051
3643
7243
5972
8257
7051
9940
3492
967
2863
802
806
2351
2252
6648
7726
1360
679
6617
5965
3018
5842
6310
8370
2189
8960
1121
8467
9247
5338
2379
4281
421
9189
5517
9022
5503
5006
9907
5824
399
6810
569
4331
8272
3840
6295
398
5613
444
5809
4972
9400
9953
7601
2589
8048
1993
7596
7893
4938
3915
254
9008
9669
9075
6677
6356
6654
7011
8899
146
9138
1863
2059
3745
1712
7702
1438
3691
8554
2310
7518
8083
2651
4489
5345
2382
3602
5085
5719
9617
878
2846
9228
2315
8498
7464
9623
299
6766
2772
2242
8256
275
2073
5573
2557
6519
1714
3379
2280
7086
1636
764
1595
5246
6485
9743
4840
6678
3700
9523
4792
7003
6198
4675
6403
8253
8800
788
2209
7969
7768
3749
2573
2332
7817
4876
5328
5298
8189
6879
365
6127
5468
9733
4164
8847
9805
2156
6764
9649
1467
5144
4156
5938
4483
117
45
8110
846
8521
6387
4740
3752
6314
7443
8365
3593
5015
9852
8546
4300
8419
8872
7661
8184
4835
4348
153
3387
6272
2740
3953
8296
2179
2161
7882
8793
9883
100
9758
728
9761
5710
826
7921
4654
4276
9338
356
4018
9516
4077
5199
940
8458
7781
1251
1613
1175
4601
9458
3517
5135
2834
6218
2064
8082
2264
9721
4931
6142
382
5014
8554
1149
8497
1615
4724
6623
3443
8556
3040
4785
1320
4416
5174
8103
7945
2198
1103
4715
3098
4658
4594
8950
7443
2819
9235
9051
1811
5541
354
4778
7469
2624
1205
5639
184
8893
4628
2126
1794
7692
3088
7626
5632
3199
9288
2626
9889
4111
1952
570
291
5767
7176
1981
2170
4366
2003
8115
1414
7264
1757
2034
1866
3050
7121
8519
5193
9567
107
7826
8571
1475
9876
5138
4609
4193
8141
128
8092
423
1168
9552
5543
9391
7473
7026
5721
644
1342
782
2095
5330
5366
4575
302
5559
433
6406
3882
5653
3520
8749
9740
7792
5344
2587
6611
4980
5753
5598
9639
8792
5093
4741
3434
6148
6926
1630
7534
3348
5731
3379
9541
5565
9101
6775
676
6922
653
7213
9124
2329
5270
7915
3190
9900
7004
4276
3249
2688
2814
2515
3432
1238
9745
2504
5387
8920
8333
634
4212
8581
8424
6725
9668
836
8314
9578
2259
7556
3160
8457
1912
350
3497
8396
2586
6315
6374
9277
9192
5132
873
2608
6330
8644
6133
8980
7267
8659
719
5473
3119
8845
611
8614
9197
8287
3998
5446
5225
5690
7450
9178
9086
5121
8066
8729
5831
3609
3028
7469
196
9839
4603
32
6960
443
1415
9386
8402
1381
7790
6752
6662
7305
2308
7778
7842
4614
630
8520
8243
7926
3764
3981
3887
7413
9517
9375
570
8281
4953
9827
371
1724
8949
5298
406
611
815
2720
3575
2490
4322
2176
5794
6458
4441
5522
9779
5824
3530
275
6718
7874
6178
6847
3375
4045
720
9472
4227
765
5961
30
3547
5870
6975
4507
5751
2597
7153
2861
4331
1188
8843
76
6218
5790
8805
7517
2975
3409
2232
9897
8803
7326
8688
3995
5462
4802
3679
3846
4449
5878
9508
6511
7506
2855
9117
1516
2455
7407
6310
9800
4765
9204
8959
534
3968
3460
6075
3265
7160
3947
531
4664
654
6390
5241
9478
4648
9782
2688
579
1225
396
5303
511
5179
8391
8925
2067
181
8091
5471
3692
434
5411
7024
6177
242
4512
3631
8540
5677
382
4324
748
5381
7527
8918
9054
1672
7643
8501
9784
8480
4767
9671
5948
4669
8957
7373
6872
8073
7502
3269
2095
1480
1620
8906
8618
5024
6037
4297
5235
6084
7331
6065
9237
9310
8490
6800
7349
6607
2452
9849
65
6107
5210
7613
4274
9605
1336
5378
8729
9773
3154
5395
194
5011
1082
9055
8113
1369
8889
9259
5430
6227
9740
2586
2939
6877
1858
7040
8623
2457
9153
8517
5671
9345
5755
8687
8209
4653
5726
5255
4216
7163
1596
1382
9591
232
5684
8290
2808
386
1296
6296
6981
6531
3892
5044
6609
4735
4546
7195
8532
4032
3354
2321
3979
6287
6998
9755
7054
1107
6460
5340
1134
6410
4356
5477
6794
1169
7497
986
1251
3679
8182
615
6193
8210
9551
1272
3734
4370
4193
1698
6939
1791
9609
287
9464
3945
7091
8166
4199
5486
3382
7518
1725
7238
3413
1001
6847
1241
4620
3596
7364
7821
7888
568
8905
196
2290
6058
957
9633
5863
5824
3499
2062
6446
2208
9424
1959
1010
1343
2664
9083
8437
6356
8855
7395
6350
4625
1255
720
9628
2841
2223
6511
3597
659
2463
8552
6175
5152
5311
1324
6525
7852
9340
4609
9368
2249
7219
8356
6087
2478
9423
9186
9590
295
4283
7157
7104
9297
9345
2295
9873
5992
6146
3479
4059
8536
8495
8681
7868
5269
456
6516
1318
919
9616
2307
2139
8096
5463
740
4834
5902
1299
8321
5609
3946
3103
4817
6730
1743
3244
4514
2404
1750
506
7618
7181
3281
2142
5476
3027
6386
1073
6013
5655
8005
6977
6590
7770
5451
7932
9518
6900
8223
8486
6488
4453
2712
8252
7542
4784
1624
5161
1955
7338
9314
190
2700
8577
4765
5280
7538
7126
6420
8766
6100
2455
1417
5213
3435
825
8934
9306
1187
5868
4582
1754
8108
4361
5578
1655
2044
1529
3278
7103
4852
7777
7590
2361
5886
5027
6672
4574
791
5323
1869
8264
6056
7078
3280
9716
6830
4776
6622
4640
1341
6789
2260
1902
1502
2931
4602
5906
1598
8555
4358
9874
4452
5605
2043
2133
4798
2286
1428
8707
157
7109
1432
4915
8600
3216
8514
4603
4572
8520
7313
8159
3476
522
6722
1077
2407
651
4649
1764
9716
6355
4816
3354
6176
7157
7294
1602
8155
2900
2515
1957
1711
3862
8589
4774
6848
239
3597
3628
7360
1113
55
6432
1711
455
7705
3562
216
8632
111
7786
1067
9194
5932
5703
6240
9875
8237
3502
4466
1659
5118
1501
3114
5747
3413
3974
41
4282
6888
5035
6527
4447
2166
458
7904
7330
9258
1568
3678
696
1459
5203
6844
4985
7872
7413
8212
641
1110
9718
4756
3606
4407
8891
9029
1824
121
9563
6224
9810
8598
3900
462
9585
9231
670
2359
2885
4285
99
5988
6851
3939
5185
7730
3258
9679
1217
1932
1625
8248
1427
2781
88
502
8668
9851
2015
1311
859
9768
9372
9893
6009
4257
4790
3405
7085
75
1645
1173
1201
6484
6480
8091
9409
6244
7047
6696
5195
9995
8436
9937
7791
1421
2387
6689
2578
770
5467
5766
302
3224
5589
9928
7441
8074
9810
8906
7646
8578
8329
7864
274
9847
6806
5065
5366
6233
4913
2768
2004
7166
7390
3376
7571
3788
1938
3104
3147
6864
4053
8173
1397
4737
2057
6234
202
4564
4475
8172
3048
4519
9453
6694
6381
7495
300
481
6518
2047
3698
9464
3884
328
3131
5378
4930
6983
4034
5011
9543
6160
4427
2889
9792
8537
2478
7971
822
5304
1514
5881
7439
9471
739
3572
8561
3508
1565
657
6743
7810
1829
6483
6344
6768
6625
3229
6450
2555
2699
3081
2601
5701
4583
9656
8740
6976
6251
3743
6043
9023
5263
5590
2701
9999
4563
2653
1355
2890
6496
9571
4123
2544
947
8603
8952
7333
5706
3537
8832
3426
4358
9694
6854
9128
9770
2449
6413
4031
290
2825
9152
382
595
6452
1339
8190
146
1410
8109
5979
5161
759
5237
5470
6381
2404
7071
1381
7570
9616
5061
7252
2275
4108
9314
405
9451
7517
784
3654
1095
7962
5683
9437
9434
8885
3288
4566
4450
5291
5965
1535
7607
6976
3042
4973
784
4953
50
9459
6985
2440
1579
6863
2893
9673
1702
6936
3693
6606
5380
5716
7327
7730
7945
7556
5266
9229
8996
5467
9278
3955
7952
2996
4772
2112
7661
3476
9889
1700
2904
846
4338
618
7397
5950
3382
8880
1818
3182
5794
4386
9895
1711
57
2581
6402
5840
3800
2915
1595
4257
4213
9225
7894
2300
5072
1791
8311
1463
4898
7347
1210
1546
2819
4094
9671
3351
1986
8590
8484
6305
3498
1659
3149
3900
3422
8373
3528
8069
4388
5425
9598
7190
2635
9489
7714
181
9230
5716
4665
3899
4853
9015
9267
8628
4869
4259
8291
8394
7256
4662
6598
5624
3895
4198
2428
9558
8682
1482
8949
2862
3575
2212
1876
8466
5791
1901
1123
1548
4909
1566
2924
2922
2835
5652
307
2988
825
2889
5350
249
2014
4499
3927
3351
6445
5202
9238
5308
5543
2895
9042
1521
3885
5914
2047
3271
6143
8118
4835
6462
8272
4111
2263
7628
4059
6346
1343
1962
5469
7220
7112
6255
6745
8844
454
8000
978
671
5473
7676
1476
2243
9048
2020
7803
4215
5726
565
3173
5601
7634
2783
7092
2627
6359
3771
6249
5073
594
2288
4401
2939
9664
7027
7651
7494
7618
643
4462
9500
4365
5698
1005
8080
5789
9536
8100
9303
7014
4234
6051
1360
590
457
3569
3478
5909
7351
6901
9673
1254
163
1462
9368
715
4120
6629
501
1287
8651
694
8764
3841
2575
5004
5376
8904
3581
9369
1431
4205
1361
8538
6066
3480
2945
2134
4247
5965
6336
9408
468
5437
9921
847
590
7234
9005
4650
2356
7825
2979
3847
5212
7262
1834
5756
8794
2938
7497
6408
8065
1356
5539
5511
1371
4620
6208
9436
7121
5158
3209
3443
810
2715
6525
5156
4157
1574
8737
2680
6723
6603
4846
7825
9059
5006
7782
7788
1988
4604
1571
6561
495
5087
5163
139
9289
7405
6127
308
9125
7659
1161
7051
4104
3324
8873
8519
7041
2848
3765
850
4667
149
3463
3884
2260
5421
9246
9203
3568
7032
2073
6651
6685
5138
900
6764
9285
9921
1896
651
494
6942
2385
3226
5136
7642
9343
2320
4246
3294
2825
9669
2867
299
8449
8776
4739
5406
4947
4981
4201
6144
9652
4778
8326
9748
2103
5176
3277
7767
9900
9575
4947
4323
2790
4322
7270
490
5923
5392
6017
7271
5992
4415
5377
5779
5120
9543
6551
8321
3532
9713
7937
4655
9043
9050
9767
7319
2720
7693
7219
730
6158
9093
6373
1555
6102
4161
5934
9083
1726
5391
2487
1202
7370
1722
5796
1699
726
4415
3780
7506
8897
1074
9364
4215
8810
8520
9224
4422
2810
5764
6349
9867
158
2224
9042
4723
2198
3603
1653
5972
6359
5295
264
5804
4695
8167
3551
8411
4678
5442
461
3186
5022
4608
3417
5425
2685
2160
4732
484
9998
4474
8682
1616
1790
1754
9416
6252
3765
8364
4390
6599
7239
3216
4675
6174
5491
4411
5407
1866
613
6482
1705
8269
6978
2840
95
7247
8085
5077
2356
442
8801
3486
9620
849
115
5485
3455
7607
3102
643
901
6430
7617
6659
8272
6671
6857
431
5375
3468
6504
4747
8359
3385
7539
5596
9202
1778
8977
7643
4908
4411
2518
7717
1271
7007
3497
8121
8655
9634
574
1029
406
9657
4664
1297
8005
9153
4777
2195
6083
6498
1540
1187
3875
4579
4993
4278
8986
6535
2026
2845
8400
9151
8562
5096
9731
266
3501
3601
5762
2295
4597
5551
678
3191
7802
9317
7360
9954
1347
7869
4720
4457
3847
531
9921
3215
7703
4071
669
5092
6387
1203
3229
133
8733
8255
2102
120
3815
346
200
2656
7629
6619
2643
218
8168
7210
7222
7948
5525
8198
2483
8039
7361
1512
9000
7674
2146
7948
9756
7619
6510
7876
1369
3087
6188
9752
1308
5756
4830
2145
4182
5927
849
750
8133
5720
8215
9752
6141
2727
9736
8426
7689
9510
7569
1491
7102
1187
6772
975
9171
6549
816
2982
3365
5285
5861
4305
1306
4768
1393
4674
1008
8422
5277
6908
8868
773
2454
2752
9122
3612
1985
3481
3670
5940
8124
5537
4125
3387
2456
1036
5104
1895
6605
8930
3874
7321
1386
1294
2895
768
8589
3747
9437
4823
529
6017
4616
7631
9851
5687
756
589
7213
8532
800
7064
6431
259
9665
8739
2687
6606
9145
2442
4439
6970
6698
8957
839
6444
8049
7980
1122
9779
1561
4377
1892
3937
8705
839
700
6806
2437
8541
9977
3729
6971
997
3797
9110
9399
8071
5794
5565
3911
3205
2480
790
9173
9372
5968
4065
1651
7445
7902
4037
4136
3614
3573
9523
7760
765
7043
8534
1732
6993
9024
8802
4966
3311
2827
5790
8832
5671
7306
2823
6885
58
1573
6439
9701
630
2941
7333
4819
4946
357
1909
7713
5006
4326
3254
8618
4709
8955
496
8181
3130
4448
6459
5416
8377
992
816
710
8609
9905
3197
1053
1971
9370
2364
7091
9442
2127
8842
5496
5892
3311
7084
5778
4389
1502
2750
5873
6864
6591
6189
1678
5485
6702
1239
3079
7845
3141
6403
5711
3936
3684
2406
6828
3941
3801
2474
2619
645
6772
8059
671
5589
3363
9526
1907
78
6113
8890
8480
1557
5994
1005
5019
2012
5656
4848
8672
4378
4921
7673
7398
1874
8154
6116
1713
2828
3700
4605
8057
3795
8571
9041
4037
94
3420
6272
5024
6974
850
6350
1870
9758
1374
9604
7682
8786
3490
380
9260
1812
1200
7725
9546
1859
598
260
6215
9049
6744
4986
6864
5325
1339
7820
260
8610
3945
2786
2317
5681
1720
1591
9013
9040
1319
9082
3809
1133
5703
1803
5962
3673
8557
8975
1683
9352
8474
8836
2148
7087
17
955
3926
8084
953
8797
9216
3011
5497
8178
2372
320
7950
1095
7831
8483
2072
5103
6464
9143
2020
1541
7604
5044
9587
694
9254
6403
1683
3256
5165
7930
356
2641
4698
436
4545
6082
6739
2197
8790
8719
8721
1472
8303
3064
4371
549
3650
6565
2906
7860
4263
4943
8008
1677
1603
6990
2292
1396
6231
9474
9208
1864
7935
6838
8837
7266
9916
3729
9725
616
5827
386
8231
2026
3642
4658
9347
5609
2914
1266
2646
4256
3503
6229
637
10000
7602
3269
4892
7745
8483
5842
2728
9845
5101
9005
2786
6683
9357
9615
5843
5167
4468
7775
8327
9276
7152
1478
3153
8942
2015
9476
2581
964
4346
385
5212
1938
1119
8506
6125
5179
5962
8013
3486
4588
377
9094
3407
1200
3885
5549
2060
8230
7906
4498
4712
1631
6654
4641
2882
3283
6959
1568
1903
4153
253
5943
9660
8632
3550
3170
2819
7422
9334
3012
8790
941
9176
9958
4326
7027
9973
4244
4635
9960
4148
1715
1952
6122
1602
2143
5345
1567
9783
2887
761
7750
5582
4071
5210
648
6865
758
6234
1757
2820
5834
3669
9009
8837
1539
5352
9482
3738
5091
7756
9127
6319
7450
8841
5580
5509
3060
932
6279
1951
9201
6940
4205
6418
2082
458
5850
8078
4765
2172
3677
1347
7451
5118
9904
2689
2493
6962
7051
2034
5445
2354
9974
8825
13
3365
2776
2915
8122
491
2276
4683
36
6904
4882
1193
6687
8436
8815
8758
9499
6839
6143
4243
9586
8552
7814
8866
7292
2108
8166
3237
1347
8533
2333
5230
3845
5366
5637
319
4212
7553
3696
8652
3117
5676
4176
9530
7909
6254
8260
9018
562
6295
6150
2501
2218
5007
3913
8654
1488
3427
5181
6017
1632
4176
3594
1993
1093
4041
4259
5135
1509
5484
2633
7324
3567
6357
6511
3661
7530
752
6339
9636
9376
4890
4554
8820
1087
1580
2587
649
7178
2704
1635
9437
9536
7309
7667
1622
7225
1586
699
5730
4034
4596
8161
8582
8007
3869
4718
6549
5304
8657
5596
2186
2410
876
783
897
8034
407
6690
5701
7871
1778
2138
5050
712
9288
4693
8361
5742
3944
2418
1668
8823
9578
7747
3095
5156
3266
6096
4191
248
2731
9955
3001
4666
2234
2839
7621
7176
8334
5776
2348
7165
9421
1356
2967
4488
7445
7517
4792
1026
8747
9671
9752
1945
3355
7181
3714
6972
9102
5371
6273
3741
3081
496
5783
3936
7150
401
5869
5354
1902
1025
9740
6267
7105
8716
6026
5441
2260
9414
1877
2864
9077
9484
4292
8031
5084
3249
3010
4926
1788
6681
3213
1592
382
6259
7617
1258
4767
8185
6137
824
8594
5696
557
2013
6014
7282
9697
8148
1488
5039
4304
2507
6246
4884
4741
9468
1691
1386
1795
3399
3487
1782
3885
7435
1050
8279
8972
9738
3898
4617
2950
8383
1149
2564
9669
5910
1159
965
8277
9659
9567
1888
1843
288
1353
7731
5424
8229
733
6943
7005
9900
2085
7240
6076
2046
2717
5487
3277
9645
6714
3095
3531
7643
7268
8003
8999
6526
904
4527
8450
9829
2808
579
697
460
5399
4511
2541
6334
9292
9288
6576
9985
2646
2585
8401
9026
3977
1810
1864
1696
3833
7890
1637
8268
5295
8252
7003
2140
3066
284
9239
4947
5512
2130
4396
2209
9486
3485
6128
346
7334
1338
9310
8072
7974
8267
4344
2656
8437
886
3423
927
437
1949
122
7311
4693
2762
9549
4002
4021
6888
1941
2793
3791
3504
7164
3132
5943
806
7170
6854
5901
2370
6898
2534
4181
5054
2885
7948
6169
8893
3201
9001
5528
526
5204
4225
3074
3982
4665
6368
2601
1801
1721
972
7531
666
4016
2917
8741
7224
6074
8110
8349
4210
2298
3275
2668
9832
4283
7521
5373
9076
8324
8900
7773
9810
468
2570
897
3816
7507
9358
2793
7376
2870
4509
970
2387
3646
7065
8174
4700
5012
6897
4853
417
9575
4064
5
3179
4908
6910
2726
6087
8110
7932
5480
6242
2821
9333
164
8840
9170
5897
5596
4784
5353
2434
8546
1889
4033
3578
1975
8585
5312
7304
9202
6569
2369
3422
1031
3615
913
2034
7545
1774
2918
8435
8686
616
9198
339
8778
8860
1002
8270
523
861
9911
1219
256
7936
9935
9179
2363
4315
2156
6341
4637
8786
4359
1779
8193
8759
1193
3460
2698
4995
4134
8040
2804
7056
2228
2020
2668
9956
112
3930
7388
4893
8837
5161
1288
5198
5468
7138
7206
2086
6824
6478
8975
9096
4103
8621
3988
5725
1741
3865
6772
2547
4735
7167
1916
2075
9947
1815
622
2171
6204
2101
7726
7959
9925
8158
582
8596
5869
9579
4860
4588
1013
4483
422
4892
8984
4853
4747
2093
9038
1386
6779
6884
6676
4612
7869
6437
6189
2375
3120
1666
1064
3202
2479
5704
4204
5875
9144
3408
4948
4555
8444
6096
9897
5044
2345
5247
8496
4473
7339
7386
7713
1103
6466
3987
921
6986
8000
4728
2183
3511
7852
17
3710
144
5919
5825
8170
9830
443
3319
4983
8562
4879
3606
1822
5768
6497
4947
3650
8274
2966
144
7251
3500
9322
8482
473
5433
2231
1521
6352
2237
6132
2737
6301
8007
71
9584
1199
5822
3180
4245
9384
7516
5290
2944
8375
7821
2501
8177
2463
2596
2115
9322
7339
8282
8328
9062
322
2467
4435
8860
8324
717
2791
7054
8127
206
5515
1816
9138
6867
3806
7153
5356
4886
1062
7478
807
8268
1695
6475
1657
5037
474
5285
3592
7461
5317
6912
1773
7029
5003
806
519
8970
2480
1821
1195
4894
5100
3708
9984
8999
3141
8989
9418
3745
4630
6118
5348
9541
3763
9879
6652
2986
8516
2886
4335
7597
8331
2628
9984
5537
7682
3479
9668
276
2621
5296
4393
1957
3168
2563
8975
1595
1381
1269
4061
5666
3340
681
4976
2359
6229
3973
2730
1619
6215
9864
8324
2662
4875
3562
5796
7492
6971
9272
3642
6379
3102
6524
3873
4406
9571
1151
6436
9628
2744
8730
214
4066
1652
7770
4171
8496
5675
3701
3616
7083
1528
1432
2356
2013
745
9747
630
5876
6520
3099
5157
5164
8619
7047
4679
8317
5367
9924
7558
2150
9199
1380
8027
6452
3392
7229
6712
7934
6648
713
3371
5376
2721
8282
2795
9528
1456
6910
9800
7676
8843
2348
3799
6987
2994
7231
8826
7126
930
3280
6505
4923
616
9015
9774
335
5786
2896
2943
1138
3370
6919
8434
9003
7292
6510
4500
842
7082
2729
8612
881
6365
68
2168
136
2225
9235
1422
5511
7859
5780
4914
2408
8337
3260
8490
8315
9238
8051
659
9653
8280
8229
5430
1800
1057
1224
3447
2630
9100
4709
5624
2618
365
7994
2253
858
1897
7057
8410
2156
1666
9332
8347
1456
530
9141
3466
28
8504
9568
998
8342
4704
7462
1412
6291
3419
4304
2900
1595
9525
2856
7587
7092
4961
3781
4893
215
8877
7607
8080
2981
1555
9701
623
7099
9111
3981
4629
5390
2900
7543
6825
3094
2533
3889
7048
6468
4377
8489
845
3471
9363
7774
550
9097
1036
2266
6020
6859
1772
4992
6415
4084
9998
2437
3121
8863
8549
8806
7329
7068
4124
44
5403
5986
9726
9855
4449
2350
7332
9974
7182
8894
7288
2480
990
4006
5166
8492
8516
1453
3430
5584
7661
1759
8447
7782
3784
491
7083
4066
7612
9632
5001
2361
1776
3642
7511
4739
9008
6624
4957
8144
987
7132
4339
784
5116
9871
1762
2151
1693
3278
2005
3451
1733
8481
7129
8871
9812
6692
2047
9910
9019
9837
844
7791
9887
5610
2695
7876
3797
5610
5265
4382
3730
8765
1922
5135
1030
5088
9509
3684
1079
4999
726
3039
2065
4670
7349
1000
7510
6285
2923
2243
2983
5254
7169
2978
8978
8050
5039
4
7798
9232
8100
6896
2708
9584
1992
9919
9202
2268
9789
273
5528
9389
8998
8263
6753
7117
127
9764
1344
8557
3955
9711
6631
6358
2873
6881
7264
409
4084
2721
4104
1781
4248
9654
770
8426
8263
1512
7413
7068
7389
8811
3563
2986
2580
9433
412
3498
8122
1029
4728
1803
5
7553
7284
7822
15
9312
985
3208
7673
8599
8840
3793
5428
3185
798
2829
1784
7739
4661
6094
6074
