764
453
96
60
421
350
717
545
412
958
750
735
677
526
271
816
907
179
147
782
801
672
799
159
665
766
703
323
949
207
136
777
99
870
268
926
496
110
387
325
959
307
859
52
38
550
313
454
717
687
354
434
533
334
798
860
52
323
540
706
735
114
695
749
603
829
594
929
297
305
737
83
818
984
354
2
153
137
830
80
678
570
635
933
695
904
930
969
420
271
852
581
495
809
942
768
325
957
828
870
148
860
527
663
622
858
659
285
412
331
142
683
357
609
729
17
255
343
359
84
360
129
213
288
145
227
720
83
517
848
618
360
714
855
764
209
181
997
603
942
323
377
612
350
563
716
502
443
988
883
81
22
259
435
993
643
644
203
710
475
495
869
137
231
258
905
862
973
663
918
255
932
76
433
867
928
733
319
608
512
158
811
176
896
353
683
60
283
246
812
241
876
106
305
108
145
74
82
486
966
417
83
393
839
888
945
696
895
373
336
925
100
575
94
927
775
633
481
878
236
287
868
983
346
446
400
914
245
143
841
57
933
908
954
921
849
703
485
951
605
651
738
940
562
788
567
979
489
452
925
291
605
778
585
404
19
443
694
898
274
838
998
985
400
80
408
185
20
109
939
84
140
670
303
404
528
760
697
188
635
752
118
579
890
745
538
353
67
152
692
737
611
745
997
567
137
814
871
942
132
697
698
275
279
224
135
670
670
759
59
710
833
938
309
445
257
524
153
78
750
674
413
432
573
579
541
263
899
875
741
542
519
509
831
506
122
619
714
256
570
769
43
614
429
987
596
934
517
767
551
465
255
37
777
7
5
18
143
531
985
466
635
774
932
922
20
990
598
548
433
889
802
794
503
201
872
599
547
152
395
200
714
163
93
35
489
415
845
165
744
97
205
131
455
210
463
576
801
552
764
893
923
494
629
363
248
625
636
165
642
766
168
66
321
359
964
436
80
288
95
716
116
315
514
752
211
575
154
978
818
759
583
248
491
709
5
804
307
609
313
931
712
444
687
339
658
349
121
375
588
601
712
259
709
97
235
795
457
26
426
730
254
702
745
257
579
490
834
253
620
204
375
400
720
525
255
607
696
771
535
337
158
72
740
609
380
128
144
385
200
565
628
525
124
738
496
380
914
68
742
33
220
596
370
897
338
467
887
553
667
346
272
748
614
423
893
546
723
364
755
832
446
474
397
488
754
241
898
277
67
584
907
64
860
238
661
706
919
797
544
933
755
507
529
935
768
367
415
646
497
459
223
866
397
370
742
748
683
301
500
723
251
753
104
103
32
213
522
323
860
512
820
93
852
372
181
617
871
457
254
94
899
38
103
756
789
308
959
662
250
707
553
892
703
731
641
329
630
998
623
799
473
192
448
161
146
140
913
560
960
54
348
271
382
438
589
372
982
23
222
304
603
243
619
311
668
120
545
2
116
229
884
476
714
898
326
424
774
668
659
780
487
577
728
579
496
162
90
707
316
662
921
576
848
636
994
415
147
319
564
913
140
840
314
719
612
571
950
979
668
578
785
916
479
284
17
374
826
898
656
165
368
608
788
136
968
64
231
488
598
957
832
349
422
958
769
936
937
306
295
174
114
140
878
60
206
29
525
933
304
763
939
769
924
279
396
369
416
86
450
258
358
1
651
561
993
304
653
443
297
3
626
439
572
788
643
802
140
572
626
67
430
661
793
784
186
72
638
911
75
16
646
702
546
267
440
786
316
246
792
693
996
916
917
922
31
653
710
354
742
173
935
747
544
250
121
814
272
342
439
571
627
837
609
480
509
477
425
869
772
475
259
496
293
981
491
175
586
849
560
48
378
44
616
685
254
135
533
511
675
471
216
206
894
231
283
531
412
687
76
140
262
487
735
967
67
193
704
475
128
983
584
12
996
754
398
78
568
524
943
174
474
906
794
502
709
936
725
201
299
346
169
867
512
782
82
210
320
522
609
962
820
121
878
413
723
170
411
629
139
971
154
976
878
67
930
757
330
207
590
609
565
789
904
853
977
520
419
41
888
517
254
686
227
830
359
244
607
23
449
330
401
549
967
616
886
481
795
52
464
459
107
191
105
954
597
789
577
503
446
315
941
255
414
882
170
240
535
378
300
642
419
446
838
459
495
956
677
864
606
538
261
385
717
596
458
755
757
543
952
307
951
835
50
365
160
379
540
83
203
328
733
709
800
978
195
502
732
828
756
824
590
12
175
943
979
670
327
461
534
285
899
932
983
151
666
684
100
83
925
178
124
199
105
144
409
423
28
362
845
